149
0
	Aled Montes
	2009
	47309
	26	28	62	71	80	81	93	106	110	113	114	115	125	126	129	131
1
	Sandhya Krish
	2000
	31153
	15	26	42	53	59	84	88	91	95	96	98	100	127	129	135	141	143
2
	Haaris George
	2009
	63181
	40	44	53	76	80	94	110	113	115	145
3
	Alysha Gray
	1983
	8762
	20	38	49	50	64	69	81	101	119	121	123	128	136	147
4
	Lilly Flynn
	2009
	14125
	7	16	26	39	42	48	98	120	142
5
	Qiu Dong
	1980
	42676
	10	20	31	50	60	72	90	117	131	143
6
	Safia Barnes
	1993
	41959
	26	33	42	47	48	61	85	103	108	128	132	140	141
7
	Gasper Blancas
	2008
	88738
	4	17	35	37	38	50	101	102	104	124	127	130	132	133	134
8
	Pundarik Samuel
	1988
	96869
	32	58	70	97	98	117	119	124	131	142
9
	Jeremy Hodges
	1995
	96869
	17	53	90	104
10
	Jerrald Matos
	1984
	76813
	5	13	35	42	47	48	51	53	54	58	80	85	88	89	92	109	111	124	129	133	141
11
	Krish Summers
	2008
	8118
	48	57	63	69	70	102	109	125	130	141
12
	Francesca Rose
	2007
	61883
	22	33	43	44	52	75	77	110	113	122	125
13
	Bai De
	2005
	68899
	10	16	17	20	38	42	47	64	67	81	96	104	106	131	133	137
14
	Paul Hines
	1993
	72383
	17	25	45	54	56	58	62	75	97	117	119	120	129	136	144
15
	Josha Varkey
	2005
	15422
	1	20	125	141
16
	Bernice Fox
	1999
	15880
	4	13	36	42	68	91	99	102	103	107	116	117	133
17
	Yang Xinyi
	2004
	8559
	7	9	13	14	44	52	54	62	74	75	89	102	111	116	127	135	137	140	144
18
	Constance Byrd
	1995
	77376
	48	55	69	70	76	91	97	103	120	134	135
19
	Madeleine Castillo
	1984
	35456
	22	26	28	55	56	60	72	102	115	118	121	146
20
	Nicolas Lozoya
	1989
	43634
	3	5	13	15	29	30	36	37	40	52	54	66	81	86	94	124	131	142	143
21
	Tanuja Garg
	2007
	40750
	28	38	39	66	73	77	78	87	100	102	118	144
22
	Frank Campbell
	2002
	54215
	12	19	26	39	46	59	85	86	89	95	102	105	115	135	141	146
23
	Beau Tucker
	2001
	60023
	35	47	55	75	86	88	90	94	116	120	129	141
24
	Joanna Keith
	1990
	50574
	64	94	119	125	137	141	144
25
	Kang Liang
	1988
	6059
	14	36	63	71	86	116	122	141
26
	Lana Pittman
	2002
	83762
	0	1	4	6	19	22	32	33	39	41	60	64	98	103	114	115	127	139	142	145	146
27
	Bienvenida Estopinal
	1989
	85925
	35	59	73	85	97	98	101	111	112	114	125	128	133	136
28
	Grayson Harrell
	1995
	91144
	0	19	21	30	38	100	101	109	117	120	122	131	135	141
29
	Vasuki Kaamat
	2002
	63691
	20	36	64	117	134	139
30
	Bonnie Reeves
	2000
	45821
	20	28	43	44	61	67	79	102	104	112	128	133	144
31
	Jia Jun
	2006
	8478
	5	37	50	51	55	59	77	105	118	128	137
32
	Tianna Parker
	2001
	70469
	8	26	37	86	114	117	136
33
	Nicholas Nunez
	1995
	32941
	6	12	26	38	40	42	46	49	61	63	67	69	72	74	88	99	111	116	129	146	147
34
	Kaiden Macias
	2006
	60233
	61	93	99	115	118	140
35
	Fintan Carrillo
	2005
	81811
	7	10	23	27	65	74	102	122	139
36
	Kanan Rau
	1993
	7235
	16	20	25	29	37	48	54	63	69	80	97	108	113	119	125	127	140
37
	Jonathan Johnston
	1988
	35617
	7	20	31	32	36	41	48	54	60	72	76	77	90	97	98	102	108	111	113	114	117	120	121	125	126	127	144
38
	Melody Cabrera
	2009
	24839
	3	7	13	21	28	33	45	53	75	79	106	127	128	129	134
39
	Otis Baker
	1996
	47731
	4	21	22	26	42	84	118	127	142
40
	Paciencia Santoyo
	1987
	49698
	2	20	33	60	64	75	82	94	117	120	130	133	134	140	144	147
41
	Ayrton Simpson
	2000
	36654
	26	37	51	60	62	92	95	97	102	105	118	121	134	143
42
	Shakti Brahmbhatt
	1982
	31212
	1	4	6	10	13	16	33	39	58	61	79	88	89	116	132	137	142
43
	Wayne Proctor
	1985
	64801
	12	30	62	71	83	91	130
44
	Eliot Moses
	2000
	54267
	2	12	17	30	57	80	83	95	122	124	135	138	145
45
	Lachlan Savage
	1989
	59108
	14	38	46	48	58	63	95	110	123	125	143	144
46
	Kong Ning
	2009
	97969
	22	33	45	61	87	125
47
	Maddie Reid
	1980
	57220
	6	10	13	23	52	58	95	98	103	116	123	145
48
	Wendy Hartman
	2001
	50564
	4	6	10	11	18	36	37	45	53	76	82	103	107	119	130	133
49
	Andy Rocha
	2005
	23064
	3	33	52	59	64	71	79	81	115	122	127	132	141
50
	Johnathan Andrews
	2007
	11852
	3	5	7	31	68	73	103	115	117	135
51
	Penny Hurst
	2000
	11245
	10	31	41	60	63	76	89	95	96	98	109	112	117	144
52
	Gloria Contreras
	2005
	23231
	12	17	20	47	49	61	64	70	79	108	112	122	130	141	143
53
	Feng Yuhan
	1991
	98095
	1	2	9	10	38	48	56	63	67	71	86	102	112	138	143	145
54
	Zakir Jennings
	2002
	42358
	10	14	17	20	36	37	61	74	92	93	106	119	123	127	128	131	134	139	141
55
	Mohammad Thomson
	2004
	51104
	18	19	23	31	65	86	91	102	122	138
56
	Soma Cherian
	1991
	61452
	14	19	53	58	66	102	131
57
	Hana Flores
	1993
	36848
	11	44	71	84	100	142
58
	Pan Chin
	1993
	92309
	8	10	14	42	45	47	56	62	64	111	112	115	116	118	120	132
59
	Tia Moon
	1982
	72279
	1	22	27	31	49	66	72	89	106	109	113	119	133	142	143
60
	Madina Pedregon
	1993
	9015
	5	19	26	37	40	41	51	61	64	71	74	86	102	103	105	121	128	132	139	140	141
61
	Saira Booker
	2008
	25028
	6	30	33	34	42	46	52	54	60	63	65	67	71	93	104	144	145
62
	Helena Carpenter
	2003
	99301
	0	14	17	41	43	58	71	99	100	102	105	112	115	135
63
	Brandon Ballard
	1995
	27396
	11	25	33	36	45	51	53	61	69	98	102	110	113	115	116	120	122	127	133	137	143	144
64
	Yuan Wuhan
	1994
	92359
	3	13	24	26	29	40	49	52	58	60	90	105	121	129	130	136	140	142
65
	Autumn Jensen
	1987
	24246
	35	55	61	108	137
66
	Zainab Stephenson
	2007
	59262
	20	21	56	59	75	95	97	101	117	131	135	136	138
67
	Pramlocha Bose
	1999
	69980
	13	30	33	53	61	69	71
68
	Faiza Gibbs
	2003
	63758
	16	50	83	109	110	128
69
	Mitchell Sullivan
	1987
	71613
	3	11	18	33	36	63	67	72	74	89	110	114	118	139
70
	Filip Zamora
	1984
	32211
	8	11	18	52	98	102	128	131
71
	Lois Bernard
	1981
	23300
	0	25	43	49	53	57	60	61	62	67	90	97	112	125	133	140
72
	Marco Turner
	1994
	57018
	5	19	33	37	59	69	73	87	88	89	93	98	109	112	135	137	140
73
	Xu Yating
	2006
	30962
	21	27	50	72	90	97	102	104	112	125	140
74
	Arianna Lozano
	1998
	46625
	17	33	35	54	60	69	80	84	90	92	99	110	115	126
75
	Shitala Cheema
	1981
	71840
	12	14	17	23	38	40	66	85	94	98	119	147
76
	Cira Villarrubia
	2007
	71227
	2	18	37	48	51	80	87	95	97	118	127	138
77
	Samira Jacobs
	1994
	75738
	12	21	31	37	96	97	99	112	129	133	136	142
78
	Deng Qiang
	1989
	37157
	21	102	119	142
79
	Kyron Miller
	1985
	72449
	30	38	42	49	52	86	139	145
80
	Peng Lan
	1989
	60162
	0	2	10	36	44	74	76	95	127	129	137	142	147
81
	Leo Griffin
	1983
	59191
	0	3	13	20	49	99	132	135
82
	Lyla Whitney
	1986
	36408
	40	48	131
83
	Tan Zexian
	1981
	95517
	43	44	68	88	102	116	117	125
84
	Varun Desai
	2007
	80445
	1	39	57	74	102	104	109	111	118	121	135
85
	Kurtis Stein
	1993
	96537
	6	10	22	27	75	90	91	96	102	106	112	113	121	128	130
86
	Maisy Castro
	1982
	18421
	20	22	23	25	32	53	55	60	79	87	89	96	99	127	128	147
87
	Darius Colon
	1990
	60378
	21	46	72	76	86	94	96	97	100	107	119	121	131	141
88
	Long De
	1994
	79533
	1	10	23	33	42	72	83	91	92	94	107	109	111	112	121	131	138	141	145
89
	Geng Qiu
	1986
	8974
	10	17	22	42	51	59	69	72	86	90	99
90
	Nikhil Waller
	1985
	97574
	5	9	23	37	64	71	73	74	85	89	93	95	98	102	133	140	146
91
	Arron Velasquez
	1995
	87959
	1	16	18	43	55	85	88	111	112	127	134	147
92
	Lakshmi Vyas
	1986
	68528
	10	41	54	74	88	109	114	121	130	141
93
	Song Long
	1993
	93339
	0	34	54	61	72	90	103	104	123	124	126	127	140	141
94
	Ali Mccall
	2001
	44526
	2	20	23	24	40	75	87	88	96	102	107	116	119	121	130	144	147
95
	Jana Edwards
	1989
	50302
	1	22	41	44	45	47	51	66	76	80	90	108	110	111	117	119	120	122	124	125
96
	Zackary Miranda
	2008
	31786
	1	13	51	77	85	86	87	94	108	113	134	142
97
	Maria Hanna
	1988
	67400
	8	14	18	27	36	37	41	66	71	73	76	77	87	103	104	128	135
98
	Bartosz Morton
	2008
	76463
	1	4	8	26	27	37	47	51	63	70	72	75	90	105	110	115	122	130	139	141
99
	Molly Arias
	2007
	84682
	16	33	34	62	74	77	81	86	89	114	129	133	145
100
	Zain White
	2003
	4433
	1	21	28	57	62	87	101	109	112	122	132	137	143
101
	Isaac Guzman
	1992
	97971
	3	7	27	28	66	100	104	105	112	116
102
	Frederick Murray
	1983
	39047
	7	11	16	17	19	21	22	30	35	37	41	53	55	56	60	62	63	70	73	78	83	84	85	90	94	107	122	127	129	144
103
	Eskame Fernando
	2004
	18088
	6	16	18	26	47	48	50	60	93	97	116	121	126	135	138	143	145
104
	Cecily Schroeder
	1981
	72306
	7	9	13	30	61	73	84	93	97	101	106	108	123	128	130	146
105
	Ren Zhi
	2000
	48039
	22	31	41	60	62	64	98	101	133	146
106
	Alex Mcconnell
	1984
	51107
	0	13	38	54	59	85	104	113	125	141
107
	Aja Jani
	1990
	45142
	16	48	87	88	94	102	111	115	134
108
	Marina Cole
	1984
	6715
	6	36	37	52	65	95	96	104	142
109
	Stanley Hartley
	1989
	15005
	10	11	28	51	59	68	72	84	88	92	100	114	115	117	122	146
110
	Xian Liang
	1999
	43444
	0	2	12	45	63	68	69	74	95	98	115	128	143	144
111
	Anjali Willis
	1994
	35777
	10	17	27	33	37	58	84	88	91	95	107	115	117	127	132	139	142
112
	Tabitha Marsh
	1982
	42993
	27	30	51	52	53	58	62	71	72	73	77	85	88	91	100	101	114	119	131	135	139	146	147
113
	Shawn Hill
	1997
	662
	0	2	12	36	37	59	63	85	96	106	115
114
	Salvador Suero
	2005
	86147
	0	26	27	32	37	69	92	99	109	112	115	127	128	139	140
115
	Astrid Cantrell
	1988
	2751
	2	19	22	26	34	49	50	58	62	63	74	98	107	109	110	111	113	114	117	122
116
	Yaseen Fitzgerald
	1986
	40589
	16	17	23	25	33	42	47	58	63	83	94	101	103	128	139	143
117
	Anish Kapadia
	1982
	32683
	5	8	14	16	28	29	32	37	40	50	51	66	83	95	109	111	115	118	119	129
118
	Kirsty Golden
	2006
	66316
	19	21	31	34	39	41	58	69	76	84	117	120	130	134	142
119
	Lara Hewitt
	1982
	19742
	3	8	14	24	36	48	54	59	75	78	87	94	95	112	117	132	144	146
120
	Xie Zhelan
	1980
	25021
	4	14	18	23	28	37	40	58	63	95	118	132	136
121
	Jacques Mendoza
	1992
	37765
	3	19	37	41	60	64	84	85	87	88	92	94	103	135	136	143
122
	Mae Mcguire
	1981
	99790
	12	25	28	35	44	49	52	55	63	95	98	100	102	109	115
123
	Alison Aguirre
	2006
	51797
	3	45	47	54	93	104	125
124
	Mahamari Chakpram
	1993
	59283
	7	8	10	20	44	93	95	125	126	138
125
	Louie Fry
	1999
	87417
	0	11	12	15	24	27	36	37	45	46	71	73	83	95	106	123	124	130	133	139	141
126
	Aron Rowland
	1986
	2108
	0	37	74	93	103	124	135
127
	Ellie-Mae Vega
	1987
	94729
	1	7	17	26	36	37	38	39	49	54	63	76	80	86	91	93	102	111	114	129
128
	Teng Huo
	2007
	1440
	3	6	27	30	31	38	54	60	68	70	85	86	97	104	110	114	116	141
129
	Sumaya Stokes
	2005
	97554
	0	1	10	14	23	33	38	64	77	80	99	102	117	127	131	135	140	146
130
	Hernandez Vicencio
	1980
	87374
	7	11	40	43	48	52	64	85	92	94	98	104	118	125	134
131
	Hermione Sutton
	2008
	75327
	0	5	8	13	20	28	54	56	66	70	82	87	88	112	129	140
132
	Ajay Charles
	1986
	22280
	6	7	42	49	58	60	81	100	111	119	120	134	136	142	144	146
133
	Alannah Randolph
	2005
	6190
	7	10	13	16	27	30	40	48	59	63	71	77	90	99	105	125	135	139	144
134
	Filipa Cerrato
	2002
	75245
	7	18	29	38	40	41	54	91	96	107	118	130	132	140
135
	Alina Baird
	1980
	13171
	1	17	18	22	28	44	50	62	66	72	81	84	97	103	112	121	126	129	133	138	144	146
136
	Kaden Krueger
	2000
	97483
	3	14	27	32	64	66	77	120	121	132	138	143
137
	Todd Terrell
	1988
	12965
	13	17	24	31	42	63	65	72	80	100	145
138
	Priyamkara Zachariah
	2002
	39946
	44	53	55	66	76	88	103	124	135	136	143	144
139
	Estelle Knapp
	1987
	20615
	26	29	35	54	60	69	79	98	111	112	114	116	125	133	141
140
	Trinity Foley
	1994
	64755
	6	17	34	36	40	60	64	71	72	73	90	93	114	129	131	134	142
141
	Barry Pacheco
	1996
	41106
	1	6	10	11	15	22	23	24	25	28	49	52	54	60	87	88	92	93	98	106	125	128	139
142
	Connor Norris
	2009
	77932
	4	8	20	26	39	42	57	59	64	77	78	80	96	108	111	118	132	140
143
	Clodoveo Basa
	2005
	99028
	1	5	20	41	45	52	53	59	63	100	103	110	116	121	136	138
144
	Tomas Bradford
	1993
	66373
	14	17	21	24	30	37	40	45	51	61	63	94	102	110	119	132	133	135	138
145
	Natalia Rhodes
	2003
	84630
	2	26	44	47	53	61	79	88	99	103	137
146
	Joyce Baldwin
	1991
	65958
	19	22	26	33	90	104	105	109	112	119	129	132	135
147
	Lillie Cain
	2005
	91406
	3	33	40	75	80	86	91	94	112
148
	New User
	234234
	2342342
	2	3	6	9	10	18
